acceptanceCounter 0.496976
NCor 20
NCf 10000
NTherm 10
0 1.06069 0.0178729 4.45812e-06 0.00211143
0.5 1.06085 0.0273234 3.76644e-06 0.00194073
1 1.06729 0.0429748 2.99077e-06 0.00172938
1.5 1.10177 0.0726529 2.58133e-06 0.00160665
2 1.06727 0.117929 2.35939e-06 0.00153603
2.5 1.10613 0.21296 2.29541e-06 0.00151506
3 1.00466 0.332802 2.3612e-06 0.00153662
3.5 0.946642 0.541326 2.51812e-06 0.00158686
4 0.702114 0.654305 2.93449e-06 0.00171303
4.5 0.106667 0.128588 3.69379e-06 0.00192192
5 -0.106667 -0.128588 4.42295e-06 0.00210308
5.5 -0.702114 -0.654305 3.69379e-06 0.00192192
6 -0.946642 -0.541326 2.93449e-06 0.00171303
6.5 -1.00466 -0.332802 2.51812e-06 0.00158686
7 -1.10613 -0.21296 2.3612e-06 0.00153662
7.5 -1.06727 -0.117929 2.29541e-06 0.00151506
8 -1.10177 -0.0726529 2.35939e-06 0.00153603
8.5 -1.06729 -0.0429748 2.58133e-06 0.00160665
9 -1.06085 -0.0273234 2.99077e-06 0.00172938
9.5 -1.06069 -0.0178729 3.76644e-06 0.00194073
