acceptanceCounter 0.496824
NCor 25
NCf 1000000
NTherm 10
0 1.63816 0.0063493 8.70657e-06 0.00295069
0.5 1.32835 0.00769627 2.76191e-06 0.0016619
1 1.18151 0.00930986 1.00196e-06 0.00100098
1.5 1.11638 0.0122609 4.70901e-07 0.000686222
2 1.0806 0.0177469 2.87856e-07 0.000536522
2.5 1.08295 0.0280766 2.16629e-07 0.000465434
3 1.04559 0.0468021 1.93032e-07 0.000439354
3.5 0.905156 0.0777645 1.9232e-07 0.000438543
4 0.769827 0.127238 2.12734e-07 0.000461231
4.5 0.404047 0.186954 2.61663e-07 0.00051153
5 -0.404047 0.186954 3.44447e-07 0.000586896
5.5 -0.769827 0.127238 2.61663e-07 0.00051153
6 -0.905156 0.0777645 2.12734e-07 0.000461231
6.5 -1.04559 0.0468021 1.9232e-07 0.000438543
7 -1.08295 0.0280766 1.93032e-07 0.000439354
7.5 -1.0806 0.0177469 2.16629e-07 0.000465434
8 -1.11638 0.0122609 2.87856e-07 0.000536522
8.5 -1.18151 0.00930986 4.70901e-07 0.000686222
9 -1.32835 0.00769627 1.00196e-06 0.00100098
9.5 -1.63816 0.0063493 2.76191e-06 0.0016619
