acceptanceCounter 0.496855
NCor 25
NCf 1000000
NTherm 10
0 1.06692 0.00170093 4.48493e-08 0.000211777
0.5 1.07706 0.00261758 3.75722e-08 0.000193835
1 1.07594 0.00409842 2.99564e-08 0.000173079
1.5 1.07712 0.00666444 2.55235e-08 0.000159761
2 1.08796 0.011227 2.3491e-08 0.000153268
2.5 1.07943 0.0193402 2.28567e-08 0.000151184
3 1.05083 0.0338054 2.32606e-08 0.000152514
3.5 0.971202 0.0591747 2.50124e-08 0.000158153
4 0.77766 0.0989776 2.89831e-08 0.000170244
4.5 0.287428 0.136168 3.61145e-08 0.000190038
5 -0.287428 0.136168 4.30932e-08 0.000207589
5.5 -0.77766 0.0989776 3.61145e-08 0.000190038
6 -0.971202 0.0591747 2.89831e-08 0.000170244
6.5 -1.05083 0.0338054 2.50124e-08 0.000158153
7 -1.07943 0.0193402 2.32606e-08 0.000152514
7.5 -1.08796 0.011227 2.28567e-08 0.000151184
8 -1.07712 0.00666444 2.3491e-08 0.000153268
8.5 -1.07594 0.00409842 2.55235e-08 0.000159761
9 -1.07706 0.00261758 2.99564e-08 0.000173079
9.5 -1.06692 0.00170093 3.75722e-08 0.000193835
